102.372965 62.882100
6.246084 21.520031
73.435408 -1.336649
2.530013 24.288210
67.465580 4.925123
5.905957 20.503279
100.838938 65.913280
10.500023 22.017746
97.809455 64.643863
5.236437 22.913066
6.012746 19.169085
72.383449 1.418743
4.738270 21.091758
71.173174 0.884220
98.306779 62.982469
3.670132 23.028391
73.141494 -1.275046
98.763846 64.875493
70.949437 5.274343
5.179896 22.724124
101.533493 64.301139
74.365211 1.791586
70.829841 -0.203323
4.593662 20.623628
3.059200 24.613831
4.748241 19.267077
71.619437 -0.753809
70.988344 2.185410
103.830639 65.808676
66.769728 2.025007
8.528412 24.676616
102.282005 64.053193
2.645417 22.412127
9.494798 20.513234
69.320938 3.812973
7.986919 24.952867
72.503840 0.148560
73.521049 3.385166
7.786090 21.886401
101.491902 64.392711
5.415607 23.392476
71.033561 3.568434
100.169985 61.716638
72.514444 5.542741
101.767525 61.623159
101.144998 64.748863
66.411761 2.811433
6.312075 20.716051
100.329644 61.245867
9.054768 24.124348
73.353878 6.002485
71.023585 1.847368
99.029598 67.797532
6.455115 26.376165
5.264086 21.632478
101.926286 68.042146
68.504203 1.496518
71.340923 5.234223
99.670101 64.720398
97.349622 63.409638
70.290916 -0.213309
75.276621 2.639972
69.343338 -0.541031
5.280283 22.034901
99.803179 66.966401
98.824107 64.308741
72.339912 1.681407
98.153865 66.302101
6.113299 21.969435
8.952856 19.565878
68.159675 1.390862
99.387322 65.134689
73.266103 1.960817
8.809563 23.310306
99.706782 65.207484
74.579914 4.274421
99.998218 64.999581
99.946436 64.977008
3.476844 22.526663
102.397521 65.740880
4.379965 22.872294
71.255576 2.931901
101.847592 62.377526
72.155535 6.798610
102.743826 67.651863
68.789855 3.299148
74.569542 3.542135
10.093893 24.665992
70.195235 0.748213
96.258403 64.629662
69.667219 0.560614
71.578080 2.203538
96.349042 61.840129
5.688728 21.756876
5.067609 20.694547
100.177203 67.135518
9.651225 18.775094
10.089943 18.461901
7.956950 23.229944
67.895709 4.841070
