103.085522 7.094687
99.044466 9.781785
12.274164 -11.180241
100.785647 5.811597
15.165149 -6.452136
103.653151 94.319815
101.715844 5.063854
98.215729 92.827014
103.164063 92.184743
15.950729 -5.683507
98.193503 95.158188
98.056302 96.532291
103.769839 97.711762
15.957888 -3.095830
14.896108 -11.489740
102.401033 96.065994
102.330993 2.777910
11.895486 -4.181761
96.704727 94.845391
102.101911 4.310864
99.426059 95.521719
18.288536 -10.418252
97.388873 4.175170
13.074968 -8.471284
98.911996 98.482327
101.562943 4.818455
102.824086 96.380413
100.521769 97.135428
13.368986 -6.478036
12.534704 -6.855086
102.423644 4.554939
100.014521 94.953539
103.064900 4.574800
13.811842 -9.186389
11.618766 -8.234195
98.342837 6.378127
100.690854 5.660160
100.595191 5.898917
15.836052 -8.680312
19.001583 -6.944257
101.541622 5.998301
100.368678 94.686619
101.058034 4.794639
17.545601 -7.358680
100.100526 7.385557
17.995414 -10.171570
102.387520 93.378691
102.160550 94.871418
99.991040 94.770218
14.325686 -7.504019
13.395928 -4.430038
13.820860 -8.965989
99.881146 95.145656
14.521183 -5.159493
14.347742 -5.245112
96.495384 3.124040
11.865208 -9.720168
104.999062 6.916008
103.976390 3.506458
101.677417 96.601407
100.500480 94.817991
103.153138 92.317707
16.646440 -7.004448
99.600985 94.657058
100.636006 95.071151
103.518349 92.030211
15.598217 -6.875097
104.172886 9.218017
102.291317 6.352712
99.718805 94.848894
99.364674 93.986136
15.255759 -10.753636
16.549450 -6.383684
12.628803 -7.913384
105.068260 5.383699
15.071218 -6.681310
14.572045 -7.144162
103.649394 6.379767
95.135442 95.125488
101.157307 90.845299
101.370563 8.160050
99.972282 94.917074
17.211624 -4.830253
101.222731 95.420661
99.731629 1.614319
12.083024 -4.649917
13.871303 -7.347452
14.262083 -7.592577
98.764855 96.234021
17.672326 -9.377987
11.834733 -6.248847
14.636336 -9.314783
103.573858 93.461465
101.687490 92.807375
16.197747 -7.802751
99.914028 3.727774
16.591796 -9.230004
97.484556 98.512172
100.595017 6.207432
101.034311 98.443399
