95.546720 62.983375
6.678131 21.518031
71.036475 2.371866
72.733777 -0.484763
4.639716 20.053735
71.955166 0.779500
3.490635 21.206503
8.249440 17.136042
67.045377 0.610709
67.061338 3.957277
98.464021 68.933926
69.867817 1.787117
4.372985 17.334101
5.679134 21.740764
74.262321 0.403602
103.284663 67.647627
3.872476 22.266349
5.527721 20.011523
68.358604 5.500742
97.325263 63.934179
99.053192 66.584241
99.684181 65.815325
5.365652 19.976452
74.089340 -0.387116
70.911417 2.179880
102.247681 64.342086
98.912460 68.513951
100.048774 64.769345
8.465206 19.381311
71.111139 2.214813
97.996750 64.171323
101.104814 65.797624
8.811554 24.731385
4.358302 25.665865
7.221691 24.711436
5.839543 25.271901
6.980282 18.793120
71.859529 4.136277
97.930947 69.534880
5.922995 26.175844
7.346524 18.780577
68.664372 2.239808
69.805297 2.013180
96.280234 67.027474
71.482209 2.566161
99.889382 64.735146
69.694537 -0.410090
72.771335 -1.992788
71.069627 2.627106
71.209758 1.729084
73.829319 3.076096
98.524336 66.292595
70.119048 3.615154
2.001403 24.098945
101.688770 69.254070
68.917992 1.544846
6.135167 23.516561
2.273791 23.147627
95.478958 65.497441
66.596285 1.159043
7.388828 23.123752
6.843070 17.707240
96.185812 63.027024
6.525736 21.855219
100.417351 64.945840
6.237043 21.570056
69.350293 0.217066
7.852966 22.702222
99.349904 64.676732
6.144056 21.501990
71.010331 0.828571
102.969652 61.519560
102.764863 63.565441
70.685441 1.422907
5.717535 24.359958
7.560818 20.628803
100.819897 63.159700
4.447653 18.101427
70.208069 2.169954
96.964953 67.973546
67.321123 4.689580
98.495398 61.283820
96.069546 64.217767
71.074693 5.935918
6.953904 18.909906
69.077964 2.427300
68.423190 -1.035729
68.651054 -2.166465
70.568010 5.754035
68.726221 0.261356
71.321286 2.158508
8.214114 19.642824
100.250131 65.836221
6.182790 21.443285
7.734747 21.754418
72.155784 3.468829
98.405192 68.525837
71.371295 1.761262
97.894854 66.075157
102.403387 68.727266
